-162
1388
-782
204
-2487
4206
-3060
-459
4543
-3125
-3186
511
148
2005
-3238
436
-1622
-2828
1935
2900
-4800
2888
3590
-3174
4708
-214
2325
4039
4664
-1778
-224
4718
-1662
-3656
1664
379
174
-3881
-4100
113
1871
-1006
-1821
4174
1426
1966
268
-755
2963
345
-75
-2104
4201
726
-1705
215
-2388
-699
-2789
-2183
887
-2354
-3322
-2514
-3608
1130
-1201
-3920
-2331
31
-4383
1676
2184
2614
2459
160
4523
-502
-1483
-958
1583
-2385
-1602
-2054
-4650
4348
3120
445
3617
2534
-971
328
-573
1259
-61
-4923
-1324
-488
4594
-131
1633
439
-4017
-2486
3985
-2247
-2743
-361
-941
412
1784
1319
-1245
-4375
-1331
4079
539
-4628
2853
1665
4582
-4383
-537
-2138
4576
2408
-4499
1319
-2519
4852
-129
4407
-4504
-1019
666
-1871
3180
-3856
-1248
-3399
3518
1896
-4487
1906
-2622
3004
1544
-2772
1804
2205
3576
-4313
-352
3081
-1323
4728
-4942
-3671
663
-3673
4011
-1517
2952
-1293
3613
-3363
2071
-4574
-2226
-241
-1483
-1703
2992
-45
-1347
-1067
2881
-2852
4561
-4477
-4178
2240
-2097
3362
-2398
-1964
-4366
4387
3852
2579
3941
2122
-1057
297
2610
-4364
2804
-1246
2985
4100
-3798
3562
-3684
-2948
3965
1281
3191
-1212
3635
3325
2573
106
-1245
-2196
253
3111
-4303
-2524
1667
1786
2196
4697
3259
-157
169
2699
-31
-4930
-3904
-3528
-684
2825
-4396
-2171
-2679
3236
-2551
4469
2939
116
-2163
4275
-4512
1268
-4832
-478
-330
314
3776
-2865
1132
-2095
4861
1887
-978
-3129
-1396
2314
1065
-4283
4967
-4444
1148
758
3745
1988
-1985
1238
4568
1203
685
-2311
2067
-446
-3491
-2426
3770
600
4703
1838
1204
-2185
3681
-980
3131
-3830
-1903
-678
3197
-3171
4461
-4707
-548
-3783
-3226
2095
869
3435
-781
-2329
-2082
-4289
3778
4327
-3817
2542
-4343
-2798
-2781
3937
-1605
-3976
4641
-4959
-1098
1007
946
3309
-2727
-3921
-2353
3223
-3870
-1702
-4189
1164
581
-425
1555
-243
-4775
-262
3359
798
2541
4449
-784
1787
264
-2323
-1359
1218
-1010
-1125
3898
-2639
2574
4718
-3961
-787
-4136
-4501
2551
2076
1964
-303
3824
2879
1086
-4893
-4432
2288
-4667
1379
-2289
132
-3694
-676
4160
-3636
3454
-2180
-1322
-3522
-4659
1804
2419
4315
1774
-3730
1404
3757
-4092
4722
-4264
-1313
-1505
-411
-3769
2777
-3533
278
-1169
3878
-3909
4982
530
-1004
4038
-3220
-2580
-1721
2303
-974
2904
1770
-1974
-2401
3137
355
2410
-3230
2838
-2622
-1200
584
-217
3910
-513
-3382
-436
1340
-2454
-602
-379
-3628
-2178
3575
-3748
4946
684
-3868
-953
-1938
3982
-1229
3289
9
587
648
-3880
3965
-4394
-3170
-4263
-3153
3169
1376
-377
-4557
-4801
-3980
899
4732
-794
-2988
-523
-657
-2733
1419
-1343
-1310
136
3929
-619
3639
-4767
-205
159
-2913
1060
-1094
2539
-3747
-650
-3130
3497
3000
2842
2910
1789
-4805
-4236
1815
3984
-4899
-1684
-2041
276
3241
-82
-3292
-1595
-2295
1902
1390
139
628
1577
2326
-3684
3185
-3673
-3398
2318
1094
1565
-3074
-3878
1170
4159
3672
92
755
-1006
1879
-1289
1940
2799
1
1430
167
-3293
1992
1949
3595
3571
-3815
1901
-4902
-2707
353
-4698
4978
-3222
1387
-2025
-4178
336
-710
3009
2752
1620
2384
377
221
4188
4329
-4628
-2043
3555
-2761
-2162
-4723
-2315
-3430
-5
-4981
-3014
-2213
2398
333
-2304
-1898
1824
2583
-2576
-4126
4967
-4905
-2557
-2865
-4752
-4170
3822
-4390
-312
-738
-1512
4207
1316
2482
-3284
4348
-1216
-2177
-2774
-2578
-1836
1533
-729
-2821
387
-4767
-523
-4965
-4627
1987
-4322
-2861
1893
1798
2570
559
4684
457
-512
-2228
988
-4822
-648
1359
1569
210
-3137
-2187
1361
816
3636
3320
-99
-4170
-1489
4587
2895
378
-1103
-4237
2499
-614
-3465
1682
3410
176
2712
2144
-4806
-4051
-802
-2456
-407
3316
273
-452
4440
1110
-3074
-2826
-4347
-4954
167
-3731
2520
1353
3333
-2896
-1001
-4404
-216
-1646
3077
-4399
-2065
114
-2267
-2249
4018
-3595
3548
-124
3692
4914
-2268
-574
983
1354
-4195
-1484
0
-3085
799
1588
4089
-4689
106
1962
4445
-1059
-1010
3562
2094
2156
3350
-309
1898
-1881
367
-384
4364
-4078
2503
965
-3073
-96
129
-4697
-2755
-274
-1755
-3633
-2170
-3521
1059
4205
-964
1444
-456
2510
4667
3192
-2071
-1574
-2426
-2347
396
-4644
-644
1863
3367
-4977
-2582
-3093
-3952
4753
170
2196
-4301
-3146
-1335
-1046
-2894
284
-3370
-4482
-1834
-4345
4486
-1713
-4028
1336
4436
-1758
-2453
462
4229
1250
-294
-2519
-1126
1300
-1873
1879
-3504
-3147
1593
-4386
-3615
418
-545
4389
1613
-2284
-2231
-2321
4163
-2730
4620
228
-552
2228
2452
-3491
1339
3810
-4759
-596
-353
-3322
-4172
3222
1079
2659
2747
718
3553
-1085
-3912
-96
-695
-3073
-4888
854
1118
1662
-4753
-1014
-1263
-1895
-4024
3033
-487
-857
-4598
-3312
-4876
-4854
4935
-666
1240
388
-1858
-4058
-4088
2343
-704
-3305
-1086
-2568
-2817
4521
901
-4929
-461
4190
-369
-2050
-2186
-1117
2053
-2212
1375
794
-820
-3876
-2228
-2506
-4204
-177
-4840
2129
-3580
1810
-308
1117
-768
2709
-2478
-3531
-217
4778
1156
256
841
-58
1811
-734
2870
263
-2556
382
4081
1570
-1532
459
3892
-2104
-4596
-2910
2717
1620
-176
-2943
3206
4756
-862
1312
2371
337
3876
286
-2396
2988
346
-4058
-119
-3673
-1555
-4060
901
-3282
-2085
-2851
-1844
2864
1180
3792
-2762
3646
1008
-2728
-619
-306
-1916
811
-2877
172
-2220
-526
-2731
-2194
-4902
-2700
-2148
3890
-764
3761
1466
-793
532
3881
-175
-2683
-3919
1415
-2857
4106
-1782
2477
-266
-383
-437
1069
-4336
1329
-1336
4512
-1345
1807
-1242
-2217
-4502
801
889
2333
-2140
4145
-4536
-4523
95
1322
829
-3788
462
-4766
-3656
3741
-3816
-2621
771
2038
-744
-1657
1328
2196
-3312
4432
-4833
-1545
-434
-4078
-4212
-4364
1111
-2226
197
459
1536
3243
-3239
-2204
604
-1053
2619
1803
4112
2103
-1834
2853
1106
1344
-1750
-2914
1039
-1773
-3707
1841
-4597
4560
3950
1107
1667
4856
-4038
1420
-865
-472
-831
3027
-2476
1014
938
3397
3270
-2681
-1469
-4559
1674
922
2317
-1597
-1191
4277
1332
4443
-2432
-3878
-2835
137
4596
2629
2984
-504
4452
-1707
-2508
4244
-2105
-524
4738
-2135
-1964
3493
-1711
-3527
768
617
-1576
-1462
-2991
1886
2051
10
-2079
4357
-3179
-4993
-897
3902
28
2255
-1024
-3918
1521
-4375
-3885
-1619
-3890
-4065
-2079
166
-1077
1857
4643
-756
2433
1126
958
-4626
2767
-647
-3511
-4041
-2645
2894
479
-2987
-3968
-2976
1136
-1963
4613
-2696
-1550
2764
751
-3844
4261
-2988
61
-1599
-2605
4257
400
-3233
-666
4991
1694
-4656
4228
1962
-4100
2115
-4506
-3206
-4808
-1036
-2474
329
-4055
-1904
-1034
449
-2354
-2745
1598
-2697
-285
-125
941
-210
4563
-4273
1473
-4710
-2953
134
-1119
4274
4460
394
3959
-4143
194
2013
-2549
3081
-3520
-4689
2091
3044
-587
-460
2855
488
3914
-1199
1976
-3578
-3180
-1565
209
-1488
405
-3651
3549
4661
2914
4012
824
-1622
2366
-408
-4806
2518
1173
1657
-1122
3850
3510
-3597
672
2379
4360
3136
-4299
-867
-403
-2055
-667
3246
-1517
416
-125
1149
2951
-1107
1357
-4187
-3003
3363
-2642
4617
4634
-353
3601
4750
-3894
-1860
2497
-401
1406
-907
2923
-959
-539
-4376
2245
-155
-4917
99
-2824
-2173
3255
-529
-1512
-4119
-2146
2693
4996
-3601
-4379
-1471
3545
-3915
1171
2322
4657
-4564
-1851
1434
-2824
-2674
-2676
1320
-976
2060
2337
-2512
3498
4226
3688
4932
-3803
1128
1314
-3262
3939
-2776
4604
4793
-3850
-586
-1499
-3464
-4821
3345
605
3269
4748
-1707
-1447
-1081
-4871
-2261
-3613
2817
-4751
-1090
-4833
-3348
-6
3513
-2840
3887
3232
-1118
-2328
-1715
1754
-4866
-506
3260
-3464
-400
4650
125
2872
1105
4124
3757
4393
4813
3483
1255
1334
8
1721
3027
-2892
1003
1059
-705
2967
3119
-209
-1191
-2290
1733
1582
-3306
2175
-2721
-63
770
-707
4350
3847
1973
-4202
2378
4372
-1123
1609
2055
-4754
-4802
-1659
4122
3105
4675
-4612
-120
-4989
4639
4358
-1721
-687
-3931
114
-2172
4232
-3024
-4697
-4896
-4385
-2800
-1207
-1049
-2991
4738
4343
318
-663
1226
930
-1607
3543
591
-1992
-986
543
3732
-3059
649
208
4959
4747
2885
-894
4375
2528
3588
-999
975
-506
-2349
1814
601
561
2541
4012
-1799
2433
1202
-1664
-1641
-1898
2804
-1447
-3936
2963
-1714
1991
-502
1084
-3998
-2831
-302
1993
4013
22
3620
-1635
-4840
3653
-2010
-432
1886
-3128
18
-1209
-3227
2171
-3187
-2186
4139
-2293
-631
3132
3071
-2439
3491
3372
2536
4109
-1622
860
-3338
3623
-723
-2314
-1437
-2959
-4353
-1236
1574
-1263
-3285
168
772
-885
4797
-1551
4259
1235
564
4842
-2548
-1393
-2061
-3691
2108
-1174
-4370
-2123
-601
4469
-2233
-3855
3354
-1943
2997
-3820
2076
-1752
-419
4529
-2241
-3967
-2272
2579
-4855
609
-4255
3203
-3126
2807
-3615
2403
-1031
-1968
-2647
1639
367
1825
-1005
4323
-752
-4973
-10
-3793
1425
-3991
2988
-3016
-3990
-2995
4609
4736
4682
-3960
2026
2101
1457
-544
2768
-1121
2095
1563
4632
-4733
3926
4770
1856
-395
-2674
-4318
-2921
-630
2133
571
-7
-4005
-2880
-1989
1447
-2283
-93
789
-3617
-4530
2985
-3669
2813
-4766
3441
4443
-3746
1691
-1627
3732
-1188
591
-4984
1290
3611
1923
-4485
-3457
3406
-2242
-4901
2210
391
-952
-3493
-2284
-2566
-1215
-694
2404
3580
4286
1041
3533
4141
-690
-4133
-11
-3297
3994
2065
4662
2274
-3909
-895
-1334
-1154
2934
-2022
-2257
4924
3170
615
-646
2018
-4918
3222
-3881
-4807
3086
3955
-257
-2740
2916
-1722
-2878
-2594
4636
1413
-188
-3800
4689
-4841
-2828
3551
3227
567
-2425
-3234
-799
-655
-972
1589
3467
3612
4040
-3570
2438
3460
-1319
-665
-3503
18
-4088
3905
4885
3851
4016
-2476
-95
-4030
-3589
-4435
-957
3866
-4525
-1339
1250
1405
438
4943
3176
-622
2098
3581
2797
-3058
-4368
1215
3311
2618
-1330
-3990
3518
-2020
-2780
3153
2307
-1163
504
4947
1185
-1178
93
-2192
4916
3296
-4714
3017
-2795
695
441
-4285
-2225
-4447
4270
3768
1724
3553
-4025
4410
3849
4459
2329
-827
2617
-4509
-4952
-800
3829
4583
2289
4783
-3248
2213
4768
-4616
-4296
2986
2210
-1601
-3336
-2007
85
3537
-4165
1764
-2372
-4903
-1988
729
-1425
4563
-1079
-1588
-545
3787
3221
4973
982
3249
1868
-2714
-3683
-1893
1041
4020
567
4806
627
4063
4555
-1285
3247
4295
3775
4266
-337
-4771
2655
-4058
4352
2939
1885
2605
-4735
2097
-3261
2241
4167
4397
-380
1400
-1826
-202
4368
-2451
-967
-2075
-1354
2240
-2854
-2751
-3821
4353
1582
-2907
-1015
4
-64
3056
-884
-1391
2285
1209
262
2076
3095
-1667
41
4988
2035
-1769
-908
-3590
1518
2234
-2369
4247
-2260
-594
1057
-838
-1984
-3979
1073
-907
-4600
968
665
3043
4816
-3933
-4938
-2432
1303
-647
1724
1156
3247
1029
4967
-2898
2701
-3025
4668
298
-4544
-2889
189
2734
-4322
3810
908
3575
3178
-2898
1607
74
-1870
-3133
2321
4537
1941
-2073
2274
837
-574
3070
-3900
346
3723
957
14
956
-872
-3959
1966
-116
-1768
-1183
4447
-3753
2835
2133
-517
-1397
-2773
3393
-1479
2086
-4896
4346
1287
1357
4274
3187
-3949
4741
-3615
4012
-4493
4658
-911
2296
-2907
-2486
1562
3226
544
1413
-4549
-2516
-3591
-1932
-1250
1467
2
2042
4423
3170
-4
-4965
-1866
481
-274
-2352
-2932
4265
4270
-3580
4634
-441
-3029
1455
68
1771
-2691
-2740
1125
-11
-4796
-136
4076
3675
4654
-214
-1612
1384
-4491
-3063
-718
1844
1636
3855
-4649
924
761
936
453
-770
3494
-2186
1071
2964
3746
-2603
712
-1446
-1283
4470
414
1325
1328
-758
15
3826
114
1933
-1303
-2175
824
412
4704
4588
2708
-4764
-104
-2369
4942
233
-2269
-4170
-4832
-705
244
-4443
-294
89
3762
-1480
2982
-3476
2088
-3128
-1129
2014
3385
3671
-4101
-352
4033
-856
-3265
-4714
2982
1390
4241
-497
-2611
2383
-2896
-379
-4358
2532
-2769
4643
3807
-672
-2151
-3058
-2651
4810
2127
2785
1625
-4119
-2323
-2231
4781
4300
1562
-2919
1327
3315
-1746
1835
695
-3379
-1090
260
490
2383
1938
-3565
-612
3245
4744
-3258
-4094
-1144
-2590
-1128
-1995
2740
-3926
-3109
-3693
4373
-2315
4670
-81
-1899
-2571
-3061
1289
-3531
-2183
2336
-1752
-4242
-3697
1879
4003
2594
2666
564
591
-2844
-3122
2731
1187
-31
3192
-3380
-4041
1833
2027
3068
-677
2638
-1179
-815
2708
4504
-288
-407
2177
-4702
-2860
-3432
-3877
-939
922
2060
1659
158
-2661
4590
-954
-2337
-1546
-2008
-2093
-4945
3521
13
4030
-1314
199
-2374
-1787
-2502
2944
4023
334
-761
2030
-903
555
4318
-3277
-4361
3894
-987
144
4935
1687
-2697
3913
1397
-699
2895
-1340
-289
4489
-442
4992
-3664
-1314
1415
-4174
-4457
-3340
-3205
-1814
-2829
-3340
1655
-2268
-3827
-99
-1938
4010
-3230
-4051
-4461
344
-3460
2987
-3537
120
-3620
-3551
-197
1611
-3547
-4232
-2037
4904
-1192
-581
-1417
-2465
3864
-3955
-3113
-1817
-1799
-2249
955
4149
-4710
-1799
1652
2846
2748
1858
-558
2963
-3762
1163
-2581
219
3367
-4211
-2875
-4961
-4449
-973
-4576
4143
-294
154
1603
3890
-623
1284
2241
3562
142
-2516
-2216
-1530
-2235
-3067
3606
-2063
-2246
-309
-1656
-3016
-1245
-374
2992
2216
-1221
-51
4626
-3770
-801
2447
-1925
4088
4408
1806
1487
-3712
1334
-4515
-82
1161
-1258
4344
145
4602
2720
2675
2551
616
-257
-4965
3415
-1479
-2435
3262
529
-1006
-4021
-1066
-2427
3377
2970
-1136
2495
1271
-3431
-549
-3506
2605
-2613
-2868
3456
3607
-4588
4766
2908
-922
4896
4695
-3013
-1336
-1744
-3514
499
2346
3490
-3655
4530
989
4091
-4133
-2397
-1210
-3452
-887
-1552
1472
-386
-4634
4005
-788
-716
548
-4708
4872
-676
-2445
2587
-2178
-4279
-2121
-4682
-2445
2432
-1263
-1615
4192
4644
4784
3303
3597
-1104
2832
4112
-2615
-287
1632
3618
-201
190
-2511
4231
1858
-1052
4427
-1545
-3808
4258
378
4642
-4395
4062
4325
4460
1055
3507
239
-2187
-4210
-4888
1670
1348
4358
-867
1593
3920
3501
-2156
-2825
-406
3855
1706
-1774
-2662
-1566
4321
-957
-3084
4179
3531
-3609
-2874
-4449
-3403
-3354
482
3358
-4242
3060
4931
3529
2402
-1903
3885
1228
4759
3467
-3002
3015
-3805
2371
-2726
2766
1592
1629
1328
-1023
-2530
592
-4777
1318
-1141
1998
-4101
-1503
4081
-4530
-1238
2341
-2668
2853
-4514
-1099
-4618
2819
4407
-1260
-1967
4073
2102
4586
2865
-1480
1640
-3289
-4997
-4748
-2883
-4334
4222
4344
3956
411
2709
-1484
4309
2399
-4395
401
-3814
4361
-3175
-1948
-4773
-2971
-2648
-3887
725
1728
4672
-2761
-2218
-4613
-4047
4633
-2169
430
1288
4045
-4810
3578
-3930
1133
943
1287
1885
-3397
2679
-1924
519
-4814
21
-1604
-254
2151
2925
765
-3108
-4690
1339
-2235
3239
-2567
2216
-2275
4008
2076
-1653
-2761
3394
-3669
4975
3452
-2757
3620
3709
-1122
-4457
1082
-442
-4180
1849
1750
3551
-1084
2483
2370
-390
-2670
-1691
4528
4893
-3657
3786
4052
-4271
1093
-3941
739
-328
1607
1790
-1005
-2436
1437
4991
-4927
-3264
2612
-2039
2162
886
3748
4816
2209
-787
1860
3582
2343
4883
520
937
2425
2527
-3366
-3506
587
1316
1463
1292
2227
1091
2112
-2449
3816
-3440
1792
455
1432
-34
3534
-3196
4233
1866
3496
-4096
3271
241
4623
522
268
-4065
-3598
4250
-434
741
243
2262
2131
-4042
-1291
1152
-2593
4686
391
217
3950
640
-2486
-905
-451
-470
-2802
-4914
1186
-2297
-581
1485
1324
-47
-2469
1208
3764
4448
-4603
-866
2051
-3788
-4636
-218
-4258
-4645
-474
3659
4493
4703
4112
1041
-2903
4927
-673
3586
1539
3112
-1927
2394
2817
-1200
-1214
3483
35
-3297
1883
-3618
3028
3499
-1084
-441
2044
1934
-1486
4435
3874
-1370
2924
2977
-4865
4569
2975
-4534
2334
-3086
-110
1694
-1169
-1380
-4877
621
3306
-1526
-1824
1758
-4191
4721
-1326
-2433
-4833
-3997
-444
-4182
4444
-903
1313
961
1474
1868
3115
1206
1178
3280
-4648
2073
-1777
-563
-4569
1070
-3083
-1573
3361
-86
-2878
-3927
-70
-1878
-4246
618
-698
-2064
-3175
-2259
-2392
3707
585
1096
-1386
2546
-205
-4735
2281
3534
-1646
-680
4304
2513
4595
4419
-925
4694
3448
1255
-3291
2773
-3940
-1039
-477
1667
-4606
-2465
3290
-1404
-2010
45
-2395
-2161
772
575
-2093
989
2119
-888
583
-3444
-182
-395
4921
3318
2891
-791
3226
2169
-3906
-106
3061
-813
-2643
1669
3680
188
-2052
-3150
1778
2256
-374
-4825
4830
4679
2916
2258
-2626
4083
660
-1194
1611
902
2040
3948
4008
2349
-1699
1923
1071
-2932
-1671
-1813
-1933
-777
-2473
3098
-4107
-2485
-1235
-712
-3166
679
2362
-2978
792
2426
-4
1510
745
1386
-34
-4834
3305
-2978
-3938
-2625
2850
-3703
-356
-747
-3801
4852
-2306
3034
1941
54
800
2643
-4620
-366
-3143
-4522
-1331
-2371
-2759
-1978
-3913
1419
4559
2333
1626
-3610
-2153
-3642
-1228
2457
1937
4324
-3223
2703
-852
1522
3093
1299
-2608
2023
-2307
2323
4348
4373
4404
374
-3948
4015
-631
2775
-580
-1435
2222
-2130
-2526
-4307
979
4233
117
1600
2593
-1252
4884
2446
-1229
-2382
-3662
4798
-3314
-4018
2245
-3114
-2079
1075
-4723
4724
1719
-468
2434
3575
57
4857
4742
-2675
4353
-2810
-4407
-1911
-2150
-3222
4603
2832
-2045
2521
-1603
2065
-958
-3034
-768
2015
1973
2729
-4721
4604
-2509
2249
-167
-941
-1151
-2154
-4138
-2062
-4479
1221
1963
2211
3109
1449
-1864
-4955
3121
3210
-82
-4661
-4369
-2011
-2002
-4063
3116
-4816
-1539
-2505
4319
-2168
2195
-1332
-2391
3737
-4573
1879
2631
4297
-2219
2356
-4203
-671
687
4938
846
-2503
-3422
-555
2862
1663
-4607
2805
1080
1860
-1572
-2382
1299
-1373
826
2378
3599
655
4709
825
2950
-1512
159
-4236
-371
1321
-4061
2018
-4663
-1727
-2346
3511
3471
-3605
557
-4402
1188
-3635
-4360
4978
4211
-3046
-4053
3657
-1459
1668
2829
4270
-966
1985
953
-3367
-2531
-4311
-1054
-4147
2230
-2246
1620
-3810
-2751
-4089
-4091
1982
1164
-140
-4613
-2670
2582
4854
4519
-4011
-2605
-949
-1346
2505
-676
2022
-3527
-3035
-2269
-3324
3682
3247
4228
-2352
655
4951
-3385
511
-3381
-3522
-4879
-1270
4207
-2830
-1685
2598
2896
3575
-3430
-1967
-2622
-4589
4253
682
1931
4678
2006
2541
-2270
-2893
1343
3083
-1627
208
238
-1470
3738
2150
1587
-466
3549
-1131
-2786
-805
-4215
-2744
589
-1978
-590
-2960
2659
4863
-2
-3681
-3307
-1843
-1756
1396
-4515
3054
-3652
-1906
1841
-1447
-4522
-4962
-3729
2179
3815
3149
-849
-294
-1281
711
-4470
3008
1701
35
-1608
-1912
4211
497
3173
4374
-2434
-3089
13
-826
-1570
2583
727
2317
-1556
-1672
3518
-2749
-4727
-4385
1562
1109
-4021
449
2430
2262
98
-152
1722
4797
2729
4809
288
1791
-4840
-322
-940
-4038
3063
-3452
-1972
27
3693
-3821
1911
3660
4773
4837
3290
-3266
-3134
-3595
3605
-946
121
3350
2501
-1289
-2131
-4147
-3886
-763
-2295
4060
920
-4783
1269
1083
1699
-1122
3099
4293
-924
-4850
-1740
2221
4321
753
-3492
-1461
-1016
-4084
-204
-410
-813
-862
-4554
-4881
807
-4814
-3598
4232
-2794
492
-2409
-4064
-3803
-1519
-4050
-2659
1464
-4570
4800
3748
170
-3612
-72
-3657
-1912
704
-1549
2027
-419
-3614
1684
3829
1336
324
-236
-1791
-3975
-823
-3882
4751
-2997
-89
-3047
-2533
-2438
1266
871
-3466
3910
3367
-3382
-4074
4737
4481
-2387
-4521
-3902
2684
-3888
92
4380
-2188
-1658
487
1288
-1576
-1895
-1600
3550
481
-2275
2597
3171
-2551
4786
-1426
-2948
-2726
-1277
3676
-1615
1028
2891
-754
-563
3914
-3081
-2560
-1438
3081
-2489
-2784
-4119
3046
-1826
4798
-121
4563
-4840
-3953
2395
3582
-149
3662
4323
1350
54
3184
-2081
-37
2951
-3038
-3155
-3727
4105
2961
-829
4704
-1062
-2842
812
3340
4250
3212
-167
4620
4575
-3489
1257
-2744
-2138
-4557
-4477
2356
132
1854
-4224
3315
4698
-1581
-4906
-1974
4503
2652
-1266
-3581
3719
547
-4377
954
-1047
-2115
596
-4728
-3489
-4028
1696
4585
3438
-3025
3314
-1700
37
3984
3947
-3785
-437
3098
-3460
292
-1359
892
-667
4043
1078
142
-1096
877
2457
168
3996
2811
-3383
-1078
1294
-2703
825
1275
-1615
-1549
4063
2305
-4970
4162
-3621
-3383
1559
3290
309
-1212
-1315
-3909
1455
2847
-1375
1922
2458
2829
-1233
-1420
4580
1331
-3881
3431
4014
-3457
-898
-4676
3660
-154
3857
572
-1050
3817
1353
1998
3772
-2477
-870
3043
3254
402
-4779
-4833
2249
927
4910
-589
-1675
-1525
-2217
4459
3499
2392
-1093
-3471
4508
2402
-1976
-2611
-1267
1464
-157
4714
-2185
-53
-1361
-587
-4294
-1166
-824
3204
-3822
854
-2470
-1903
4449
3857
-4513
4802
2172
-290
-1819
-2121
-3326
2365
2845
2575
295
4054
2480
-1658
-1
-3801
4076
4175
4133
-3493
3164
1546
3115
4697
-1082
-3725
-4676
-282
494
-4537
4349
-4552
-4856
-3181
4995
-3143
-4453
251
-2978
4516
416
-2541
-1150
-4081
-4166
3710
2150
2820
143
-3040
501
1822
1012
4610
-894
-2083
-1304
3874
4889
2486
-3769
3556
2529
3817
3790
-2118
477
896
2526
1771
-863
626
3609
-3838
-846
4945
3018
-4522
-4154
3398
3761
-2062
3691
4102
-3428
-3120
1188
1937
2257
-2058
3549
3688
-1769
2941
1999
-4072
3173
1498
911
4167
-3374
3820
2033
2442
-1332
-287
3035
-592
4356
-3884
3972
-2225
-2842
-3961
-4997
4393
4166
-2232
-29
4458
-2218
740
-1092
-3231
-4012
3445
1805
-711
-4672
-743
-1747
-4205
1131
-3295
4802
-4319
2620
2674
-63
3489
4556
-3589
-3597
-4828
689
212
-4280
-1766
1943
-113
1845
3692
-2870
-1954
3449
-298
-1855
1057
-2658
-209
116
-1575
4027
2966
1070
-4098
1622
4875
-2947
-2422
-361
2967
-4394
1408
3095
1080
2694
-532
-3081
-755
-2044
-1623
-114
1659
-2158
2921
-1462
874
-2927
1252
-1033
2239
-3628
4560
845
3414
-2307
3640
4163
4283
-1740
-2003
-782
3173
1062
-1594
3669
-4128
-2598
4517
-84
-3162
-1377
2152
1440
4714
-415
4552
4385
-1040
4682
-238
843
-2980
4853
2016
-58
1862
3421
2499
3325
2486
2741
-2258
-2042
1713
-3743
2242
-2672
-4944
129
-2046
4587
1386
-4387
-4750
-4159
2062
4172
369
4419
2255
-3057
-352
910
-3365
-3446
-1474
4924
2138
-925
-4575
3910
3984
-3629
-4125
-2553
-4802
2473
-2089
-1668
3004
3358
-3018
-1544
683
-301
-853
-4044
2314
-4314
-2169
-2493
-40
3300
4049
-1740
-3264
2008
4974
4225
4326
-4911
-2359
-1484
-3892
-126
3375
-375
4401
-4717
4249
-1970
-1545
-4475
1047
1766
3055
-2381
-1178
-2707
-77
1348
-643
-9
1312
-4388
778
-126
-4050
-1342
-3468
-2919
-1602
-1331
492
1770
-4097
663
1973
15
3420
4148
1309
4456
3366
-3909
-1657
-3974
-135
-557
-2905
4465
-1283
-2103
-2935
-1727
4780
3997
4222
-4294
-2486
29
-2892
-838
-3466
457
-4688
-2692
-1460
982
-885
4318
-843
-1122
-1338
-1632
828
2500
-868
3128
2909
5
4467
-1149
-4692
4250
-3955
-538
2254
-758
4753
-2397
-1128
2157
-2015
1574
4627
667
-2535
1455
-1591
-4878
1555
2074
-1681
-874
4825
490
-3538
4243
1448
1588
-2433
3423
3581
4567
-2157
2378
159
-4726
2636
-1401
-1976
-1554
1196
-4540
-3999
610
3416
2965
4041
3414
-4488
3888
498
-4553
3918
865
-631
3432
-432
-243
1856
-1230
1651
-1837
2969
1042
-4554
814
1905
-608
4745
40
-3642
-4047
3225
2937
-313
4386
-2951
-3939
2567
4741
3469
835
-1923
-1272
-2586
-591
-1142
-2464
3413
-4043
3192
3877
4734
2359
-2004
-569
-1461
-918
-2616
926
-2951
-1183
3680
4127
-4973
-3506
-3290
1162
-742
-2491
-4764
-2784
2958
-3296
-986
-1502
4939
-3268
3713
-4155
2450
-3168
52
578
3043
1565
-1623
1050
-4748
-3359
56
1190
-3407
-3738
-3815
-772
1616
-4040
-2605
-4499
3567
627
-2186
-2708
4860
4682
3634
-2919
-3535
-1852
3362
-517
-3221
-4383
2088
-2307
245
-2293
-4267
1407
-4922
872
3109
-579
-2429
-1941
-3451
-244
3650
2714
611
577
-2660
-1654
4065
3404
-1138
214
-3004
-3215
3517
1279
-3089
4871
2851
2509
583
-1431
3114
-604
1235
-1861
-3148
-3134
1571
3575
-4539
-3356
-2599
2020
-115
3160
4664
-1560
2566
2749
-3400
-1900
-2714
2583
2082
-4450
-1935
-3601
3054
3100
-1537
3127
-2569
4876
-3531
-901
4232
1841
3027
-2797
-2378
999
3369
-3275
3993
407
-4233
-473
-1193
1718
-337
-4798
-3089
329
-3047
1042
3567
-2029
3619
-2822
1843
4798
4115
628
-4501
-3624
2187
1558
967
-1083
4631
1648
-1775
4194
-2155
338
1415
1610
3762
-309
-2012
705
3437
-2308
1002
-2051
59
-933
367
-3211
-3450
2675
1921
-958
-4990
584
1398
2418
-3330
2696
2516
971
-1133
-4931
1626
-2740
-2404
4079
3849
-2929
-158
-265
-29
-1781
-4301
3823
1374
407
4831
2213
1349
3400
-4978
-4611
-1060
-3189
-2463
-4266
-4003
-1538
-2332
725
-12
-4600
-3412
2573
2387
1209
-2797
-4943
-829
3980
-51
-816
-1592
-3910
-1851
2783
-1745
-4728
2506
2340
-1946
-224
-4416
-4962
-3399
-1635
-4428
-142
-4427
671
-3025
4097
1770
-4897
2278
-3611
-4702
-1923
-2612
1722
-2520
4485
-2939
729
-3482
3183
-4296
-2449
16
-1402
-3217
-4563
-3065
-4368
-2770
-4455
-309
-932
-3330
3409
704
-2565
-3051
3407
-4789
4932
2148
-4504
649
1195
-1603
1535
-4068
-196
4606
871
-573
-2239
3598
1621
4469
2788
1363
2980
-454
-34
3134
-3870
1766
3469
4436
4615
-4317
-4828
-4391
-3371
-4118
2796
-4309
1595
-1747
-3976
3704
-4604
3716
-137
1549
-355
2514
-2269
2237
1588
-2285
-3610
1034
1612
372
-3236
-1917
892
-3537
4179
777
2343
1330
3087
-4321
54
-2373
2778
-2897
-414
-1630
4440
2115
2558
-189
-423
854
2080
1254
-3016
408
-4320
1037
-3056
-2937
-3767
-1863
4143
-2767
-1027
-71
-3566
-125
-2042
-47
1135
-4260
-2970
1955
-4254
4755
-3857
-3220
2415
-2383
-3233
1837
-154
-2947
-1260
1540
1525
-1997
-2787
2647
-4249
3440
4112
-3491
1434
1388
-440
3241
1919
-4444
-1753
2900
-2118
722
-3815
-2603
1976
-4052
1993
2303
3729
-4266
3836
-3385
-1277
837
827
1489
-4674
1698
-609
-2522
-4434
2006
-3819
996
-2189
1832
-1711
4050
3676
384
-3730
254
-2894
-761
-797
-4619
4913
4301
-4078
-4369
-4687
-1545
3274
-4412
-2589
-1021
4252
4671
4086
1897
570
1821
4938
3856
-4421
2658
-4788
-2775
-1380
-3543
2175
-4420
-4015
3941
1468
-2578
-3800
-3800
-1296
-2164
-3042
-2097
3220
2262
-3381
1961
-38
-1301
1081
4835
-333
1820
-1022
-335
-3715
-3088
2567
1402
-4486
1684
-931
-3535
-2132
-3828
-495
-2309
3164
2299
3484
418
-3127
-3013
-4414
-219
-4370
-4567
2677
-4727
3341
-3584
1718
1105
4311
-4032
4251
229
4269
-229
2092
-4590
1185
-356
-1880
-690
-507
2388
3429
-650
693
-1022
2564
502
305
-2098
4066
3780
1890
-3325
3098
649
238
-1881
-120
-1683
1767
2488
1258
4494
605
-4620
4079
956
-2652
2725
1473
-1275
-3824
1815
-3970
-4424
-2787
1015
466
1544
-4581
2842
-4207
1695
-4922
1272
-3376
764
4963
1539
3011
2426
-3561
-4009
4257
2799
114
-3616
4611
3774
2872
-269
-2212
777
4192
1450
1763
4294
-1354
2831
-3973
2077
-3877
-1309
-829
2587
-4948
3036
3673
2486
4912
3465
-166
-834
-4086
-4908
645
1692
4159
-2397
653
3642
-783
-4870
-4179
3294
-454
-432
-2554
4132
-395
4236
195
-3192
-1211
685
1470
-1443
-4967
243
1483
12
391
-2899
-2878
2364
-3194
1200
4218
-166
2488
1120
-4207
-4075
4531
3246
3832
1753
-3967
3838
-3301
1607
3789
-972
-1474
-547
62
-2101
835
2839
3265
2657
1353
-4751
158
4563
1710
1863
-1443
416
1540
-4148
-1999
-2436
338
1747
2114
2820
-3391
4270
-4535
2904
-2985
-2944
308
4618
-4879
-4399
4041
-4158
3704
3118
2663
2667
86
-2470
-104
2126
-3677
165
3395
-2503
-1224
1734
-3729
-2709
4196
2408
-3295
-4482
2060
2239
1622
562
1421
214
828
1266
1454
-2441
-406
-2971
-2335
-266
-4319
-1548
3544
-1318
-4662
611
3348
-2152
-2226
-4387
3512
-1827
1637
3168
-228
2568
4198
4690
2846
-1805
829
-4705
898
2636
-998
-352
-1590
996
-1194
-3910
-2991
3699
673
-2512
1682
-2571
215
-4187
-2170
1237
-47
4546
-3079
-3739
2519
3264
1982
4711
2003
4547
4617
3899
-4560
-3132
3274
1654
4370
-1159
-438
-901
-2560
-2686
-2611
-4856
4428
2211
1111
2928
-1021
-3223
-1460
736
1903
3851
3744
3025
-1159
-4737
-2531
-199
1900
1349
3074
-691
-1578
4628
-2536
3895
4072
1823
480
-3360
2892
-4204
3976
507
-3803
-463
-851
-2626
-1310
1411
-1861
-1299
-4531
-132
-1041
1429
-384
2416
-2707
-2543
-4697
1373
-2371
-2819
-1872
-652
3121
-619
-2033
-488
3762
616
510
194
4263
1215
-3870
-4626
-4489
-2940
4857
2646
-1290
-2144
959
-535
3100
-2955
-3841
-2296
2467
309
-762
-883
-3409
-1459
2420
-4296
-3304
-3870
2636
4199
-3566
-1786
-3541
-1855
-1986
-4425
-1275
-4305
-167
-4795
-726
1943
-782
-1443
3768
-489
-4679
4598
-3590
-469
2019
-4713
-3362
4059
-1990
-1596
4741
-4285
-1679
-1949
-397
-4016
-1386
-3361
2598
2356
3616
-1479
3523
1655
615
1221
2508
634
914
3640
1549
-3272
396
1996
-1338
3740
1200
-1843
1683
4937
-652
3283
-1417
-2710
3218
1581
-4856
-2201
-1936
-4202
3443
-656
-1119
-4505
-3776
1273
3637
2009
4032
1314
2907
1301
2115
450
-3705
-1047
3430
-944
463
-1367
-4887
-3763
4687
-2112
-545
-3567
2156
-3582
-3794
-2112
-1162
-2560
-4041
-2903
1894
550
3391
-1189
2615
3204
-3108
1669
2161
-4313
123
-4120
-4304
2980
2158
3306
-3789
4144
-3645
4906
1584
95
-2065
-2613
-2603
4199
2507
880
4874
-4736
-3980
-1918
3603
2234
-4170
-4703
-2431
1515
963
-844
-2009
1620
1676
2958
-2871
-50
-4990
496
2577
-4874
1847
-3435
1820
-317
1998
2669
-3263
-624
3665
2793
-3262
4186
-528
3888
4923
39
2711
4861
-4569
1601
-4679
-2682
1121
3630
-3943
4664
-2648
-1475
775
3940
252
1663
4071
4656
-2683
768
-403
4811
-1564
-1967
-1948
3569
1552
-237
-961
1559
-2526
4993
-1849
-3180
1069
394
-3614
-1651
-1820
-54
4309
-1525
1472
-4619
576
2138
2697
847
-3464
2736
-2735
-4838
2290
-1192
-1152
-1907
-486
-3637
-4870
-1474
291
-3845
2477
-2836
4761
1675
-1209
555
1651
-3
628
1612
-2331
1593
-2876
2521
1809
-3753
-469
4410
-4051
-294
2035
-3145
-4528
3577
1884
-1718
3781
-1989
-941
3887
4418
1359
-2256
-4452
-3869
2981
1433
-4169
-2705
1564
-4396
4920
-2451
2984
-3590
-3651
2239
-3489
-4585
-92
4923
1825
318
-824
-2117
4114
1978
4826
1131
-218
-1649
3083
4640
1719
4718
4868
3447
310
-889
-3501
-4965
1388
-3383
-3854
2544
-693
-1899
-2123
669
4886
1521
-3232
2695
377
-1528
2147
-1449
-3690
-1922
-3901
-1394
-578
-1615
-2202
4703
-1527
3612
1930
3882
-2862
-4443
-2350
-3495
-207
-2090
1358
-1244
-2474
1385
3750
-3985
-545
3436
-1532
19
-3882
244
-1013
2185
2474
3853
2167
-1518
-3799
-2049
-3358
4933
-4889
4941
-2880
1232
4541
3991
2969
-4065
-3648
-3904
1360
-4629
3309
-1062
2996
-695
1263
844
-3006
-3325
316
-219
789
-4348
-1438
-2981
4172
3725
4409
-180
-4906
-1659
-3467
-2730
-1700
4669
-4901
-1054
1354
-4111
3421
-1958
-4644
-902
-1196
3291
-3518
2192
2937
-3786
607
-4147
1632
1249
-4924
-3571
-2351
-3221
-444
4961
3636
1884
-2717
4291
3481
4186
-1232
-4716
3553
2088
3628
-591
-4116
1561
3270
-2620
-144
-990
2788
-3369
-1902
-2850
3072
-1565
3237
-981
-1124
374
2284
-2319
-300
-3661
-739
-3229
-4881
-1292
-2283
-2514
-3199
1562
-3150
1166
1136
-3003
1632
-2240
-4975
463
1651
4386
-257
-1630
2302
1399
-3945
-4070
-4226
1895
4610
-2987
-2329
-3950
-2816
2903
1480
4725
2093
3595
4381
-3243
1971
-2765
-4591
4024
797
2000
-3506
788
4018
-2227
1107
-4577
486
-282
-511
-4475
-3223
-2106
561
-1400
-198
-2338
4677
3778
1804
-3151
3738
-4090
770
4860
4151
-236
4794
-989
132
4795
-668
-3882
-102
-4408
1070
2211
-1373
1101
-3987
709
2670
-1058
-358
-2005
4977
132
2182
-4349
-3621
-3420
4331
-108
-315
-1318
-2335
-421
-3788
-1586
-2118
-2499
-4785
-4967
3003
-324
391
-1519
3511
-3131
-4345
-16
-1271
-3146
-7
1603
-2290
3628
-957
1614
-436
-598
-3812
-515
-3677
3446
-4225
1877
4511
1437
-1653
-952
-1593
-89
3060
1752
-635
2133
4730
-2413
-1598
3431
4307
-1764
-3059
-3910
1656
4362
856
2414
3241
890
2400
4886
-4946
2320
-4089
-2135
747
-709
2447
197
-3122
-1690
-2395
-429
4056
-1494
-2905
-3579
-3306
1537
4531
-3476
92
-203
-450
-4841
1933
2039
-3522
357
233
-548
-1595
-3653
1187
2434
-2246
4785
1565
-3456
-2939
1239
3730
2523
-3817
-4650
-2368
549
676
4337
-3231
-4673
4894
4345
4004
-1217
-3857
4239
2189
-2611
-3933
-1227
645
104
-2961
62
-449
3766
3570
-4172
1657
952
6
2648
4299
-2885
3939
-205
4399
-4949
-4143
4939
4380
-3838
1607
4290
-2287
-290
-11
-887
-3701
3201
-3094
4641
-3725
3186
-4765
946
-2217
2209
-479
-1836
-4269
-4457
4293
603
-2164
-4917
-1893
2560
-3943
-2030
1729
2121
-1826
270
-4238
-4197
-3770
4407
-3437
-4634
-1188
-2009
4360
-2977
-1690
606
3924
315
-17
-1738
2300
-2858
3120
3505
503
-4028
2298
1727
-2315
-145
1794
4220
3704
1663
-2919
4966
-157
3767
-1737
-3380
4845
-3652
2820
-1935
-3550
-3103
1203
4784
-1609
-2563
4923
570
4087
-3154
4178
-4293
-1313
-3497
4536
-1446
131
2837
-1202
-1857
283
3679
3890
879
-3155
2508
-4056
-2910
-1256
-2242
-4026
-458
778
4012
-4916
684
-3153
-3171
3326
-3376
4182
3120
3327
-4873
242
-3559
-708
2513
4042
-1626
1154
-963
717
-3553
-1204
-2340
-2634
-3060
-4242
-2739
-1417
-3888
-4601
2136
4821
1619
1254
-4282
-2704
3806
1197
-1875
-2243
4527
-4854
-3878
-1950
3757
4599
4391
-386
3205
-928
1580
3762
210
-4547
-1215
-1072
3388
-213
-318
-930
3591
-1141
1147
-4265
-2596
-266
2611
-81
-1515
-3189
4325
464
2129
-4649
1544
2262
-2617
-352
-2047
-4797
-4792
-2418
4959
-785
-1411
518
916
-1312
-4465
-4539
-4717
-4558
-4874
-587
1220
2580
-535
-3761
-811
1391
2756
1053
971
4499
-2808
234
-2602
4207
3948
4329
-3518
2493
4273
2719
-407
408
4691
-4162
3158
-4325
-3349
2910
2885
2567
2817
3498
-889
-1808
4031
405
1265
-2571
3697
471
-2765
778
-4983
40
1702
-397
1806
-3097
1007
-480
-2411
-2825
-3776
-1328
104
3175
4542
4515
-2238
-116
-4547
1280
-2131
3566
4711
639
-3534
-3860
2315
-2732
-865
-2676
4594
-1208
343
3635
-1810
-2810
804
4173
4859
-1217
2775
2634
695
-2181
3312
-314
-4018
-2115
-3431
-3965
461
1201
3628
4020
2840
-2972
-1659
-2312
1784
4608
3299
2353
4636
691
3336
1585
-4848
-2405
4991
-2111
1931
-4080
-3763
2381
-2414
-355
-80
2430
-1430
4093
3380
4885
-2981
-4498
-3036
-991
-3057
677
-3826
4302
2890
366
2735
-3574
-4012
461
2686
-427
-3711
-602
-2699
3780
4786
1573
-503
-3054
2245
-4069
-1222
-1916
1895
3255
-586
-4009
3449
268
3577
1753
-2800
-3148
-1073
496
1766
-4335
-4855
-3461
-1457
-901
-4354
4003
2246
4476
-3767
-467
-2587
3012
3328
-785
-4812
1337
-1019
1692
2200
4142
3205
4782
4333
2975
-2947
1135
-1346
118
-2003
-2252
-2959
2046
2949
3655
2080
2994
4235
1471
-4911
672
-4433
-2034
3240
-3889
-3658
3383
1378
3738
-1838
1561
706
-4840
4771
4477
-1047
1225
3622
-168
3886
-2448
-1205
-4579
-2899
24
-3883
178
428
2068
2971
-3235
648
4566
2315
-1540
3326
3563
430
-1090
-4475
-2654
3559
496
825
1271
-2235
4744
147
-4111
-1113
-1241
163
4372
-721
3007
4160
-3245
1631
-2494
-2682
1014
1824
1218
-4322
1571
1346
762
2523
-4788
2430
-2616
-3280
-2266
-217
341
2704
-4815
-1298
3251
-1923
1784
261
-4110
2898
-777
1019
1726
3292
-3356
-2394
-1255
4131
1228
-3889
-544
-2650
-229
-3513
4205
-3372
-922
3704
-1159
-905
-3063
1238
-661
1387
3544
4036
-1326
-51
196
1378
-3205
1006
-963
-4540
-801
-2665
4574
1343
-4149
2982
1369
-964
4749
-410
-672
-4401
2265
1277
-4419
2993
4774
1950
3167
3832
-1785
3935
3730
3369
121
-4410
2329
-1436
-570
-4260
3546
-3762
-2876
403
326
4748
2190
-2892
-1501
1035
988
2417
-3544
1996
-2191
-3703
565
1900
-4943
-1527
-2915
-3950
829
4880
-4335
1458
-2931
3435
3898
-721
-40
3183
1266
1277
2035
1862
2911
3683
1140
3888
3373
831
2193
2730
3895
-4620
-2662
-1844
-4014
-3649
2512
4877
-2042
135
3680
-2191
-1174
-813
4080
-3966
539
-1979
-955
-4116
536
-3516
2703
4322
1501
1975
-4335
3407
-4630
-2931
-2975
-4473
-3104
-1702
-4904
2460
-1417
-1204
438
956
-785
-3716
805
1639
-1279
-449
-4216
1486
-4704
-2004
-4479
-3865
4738
2744
2380
1149
4517
-643
-661
468
3472
3417
4334
1835
1127
-845
-306
-4518
810
1928
4135
939
1179
-3053
-2480
-4155
-3190
-84
2296
-1133
575
-3545
-2977
-3373
-2846
-899
526
3530
-3878
3128
-3436
-556
385
-3993
1022
4378
673
66
-2911
4684
1373
-3337
-2713
3998
4014
-2206
3204
3904
-2807
-2484
-4284
2292
-1479
-550
-3068
52
3662
-761
-2519
3404
65
1036
608
4467
4610
1643
1875
87
-2991
-4277
4181
-666
3702
-947
1387
1401
3389
-1219
1174
-3365
257
3940
3425
1799
-4124
-3254
2979
-3921
-472
1449
-2318
-3223
925
-1171
-1995
564
-696
3880
3475
-3432
3484
-1134
-2179
3756
3895
-419
2725
-319
-1892
-2714
-1590
4699
520
-793
3393
4623
3603
-1286
2049
-24
-3131
4600
-1349
-636
2579
-3808
-1819
3787
-1867
4339
1025
944
-2747
-405
3630
-4032
3893
-4148
-1221
-1320
-4003
4195
1555
-1709
4944
3883
-2758
2352
-773
-130
290
-1390
-2967
-647
2058
4385
1494
1128
-1484
2286
-178
-4464
2897
4419
-1520
-597
2924
-3623
-4924
-1266
400
-3565
-4714
2855
-3706
-4136
-2657
2674
2479
-578
1119
-197
-1398
-959
1881
2797
674
1748
-54
3545
-4553
-2690
-4089
-4701
-4600
-4427
-1246
2694
-3382
905
-3864
4471
3400
1766
3419
-2666
-521
3821
-393
2417
4372
2077
4675
-2908
604
-3749
2694
-2725
-2729
-496
3940
3640
-766
577
3683
4591
-1224
-2262
-402
-3330
1965
1476
-4971
-566
407
3574
4063
2741
3689
3351
3485
-3044
-4755
-511
3148
-3027
4221
-4655
-4713
-4555
-2339
-725
-1529
-4985
-631
-4789
1368
-4967
2615
3910
4665
-343
-1159
-1889
2495
-99
-3295
-2027
4262
247
-991
3642
-682
3703
2334
-66
-578
1178
4800
-2631
-4561
4945
3913
-4168
-745
-2932
-4593
3039
-551
-171
3432
461
2966
1306
3457
2141
-4934
-1886
-4469
-2455
725
2288
-1694
601
724
741
-3157
72
-261
-2256
-3558
2423
-4062
-703
1581
-4757
4505
-3301
-4263
-3582
3305
-1017
-225
2979
3081
1365
-1894
-4493
2345
670
1687
2884
-1985
-4699
-2287
-3704
-2932
-4389
617
4691
-679
2178
3919
3550
1379
3001
3599
4344
4113
230
826
-3593
-2626
627
-496
-164
3815
335
-4633
229
-1502
-3292
-3365
-2660
-4936
2632
-1022
4844
-702
-2659
-2341
-4093
1692
-3164
-4494
-3821
3496
-2657
-1006
4307
-4767
3587
1704
-1005
2522
2044
-1761
1661
2179
314
-578
438
1399
3146
3658
275
-1947
-2433
-3111
3737
729
-2545
-2268
125
839
2346
1000
-2614
2483
501
1098
944
4335
1989
1156
-2199
-1406
3287
929
-648
3362
4349
-3584
2699
-226
530
1672
4463
2554
2190
3161
-1342
2151
-2123
3050
2691
-3858
3849
645
-1051
3449
-3632
-2245
995
-1521
1425
-1723
-4226
1930
-2344
4584
3538
3431
-3223
868
-2057
-4711
1345
3834
2946
-2550
-121
-9
-2485
-833
-1374
-127
2890
1078
-844
2892
2939
-321
-316
-742
2320
-716
-2246
-2515
1350
-1002
3827
4954
4335
4838
1956
-3348
-3714
3453
827
-2638
-2670
4601
-944
-58
1610
1972
779
-2469
1350
-718
1728
-3406
-4450
-2505
-2011
1929
-4388
-1038
-1340
4673
-4380
1354
3211
3546
-1100
3028
3297
2269
-1946
-1346
1171
-1706
-942
-3493
1628
2923
-464
2907
-2796
2494
1308
615
-2545
-4197
-3694
1462
-1994
1198
-3639
1742
4051
532
-1572
-582
597
2236
-1533
-3340
3252
4219
3904
-4832
-4578
4616
-2347
1605
-2976
-4278
-2589
-1799
-2256
-1908
-418
1063
727
4410
-1780
-576
-4676
1260
-836
-1829
2012
3580
-877
3114
-4443
1748
3057
3403
4561
4777
4947
4199
-4303
686
3841
2155
2943
2407
-4521
1136
-3227
-21
3297
2649
-3813
3396
3312
2472
-1621
-1177
4297
-466
1441
-1270
1645
-4210
3487
-4857
-4205
-1476
-3907
3164
-2640
-4873
269
-2549
1257
-4017
-2083
805
-4496
-2347
-1291
4798
-2054
687
1536
-2083
4497
-1724
-489
-2093
-1739
2314
-695
-3611
-3843
-1351
-825
-361
1115
939
3595
-3225
-3938
-4637
-1479
1123
-2239
-4456
-226
1737
3728
-3108
1445
-1079
-1253
3069
-3975
-4888
131
-1481
4788
1428
1186
883
-1787
-209
-1337
-4239
1072
-4790
-4578
3693
-4960
2031
-2530
3601
-1608
4827
3452
3399
4023
2438
-914
-2999
-2263
2288
-2310
1239
1882
-4470
-1429
-1244
3605
-1442
-3547
4958
-4085
-4307
688
3224
3375
2579
-3775
2022
1694
-4712
4023
3555
3581
4357
3696
562
4490
-1727
1564
2240
-3740
4200
3865
-334
-2217
-265
925
-3967
2591
4150
-1069
1502
3230
4130
-1988
-2973
-2952
-378
-1946
440
2155
-155
3195
-4561
-1331
-2265
-1024
3965
4958
4990
-530
-3835
-180
-4157
-4034
-2046
-1228
290
-4548
-1088
2806
1231
-2690
-1304
-3278
1523
1102
1543
-3105
-2697
-3821
1753
-2613
4651
-658
-2761
332
2388
2336
426
-3564
80
4969
2587
4035
-2265
-2869
378
-2586
2704
285
-2026
-1330
2045
4939
-113
-308
148
-677
3878
-1608
-2342
-4790
-1955
-3984
-2530
4389
-2752
-2579
32
132
704
-782
1164
-1360
4376
478
2823
70
3726
-3072
2565
-4909
2376
1002
-2556
-2417
423
4382
-3512
4950
-187
-1194
-2460
2673
-1945
1712
562
4164
46
789
1631
-1520
-3744
-1189
1590
3944
3678
4880
-905
-879
-1214
-2809
1636
-1773
-4888
-97
-1400
4268
1765
-4785
-1468
-924
-760
782
-1817
4891
-2645
-1202
3530
-4530
4677
-855
-2523
-2392
816
-781
-2351
-4571
-4605
-1153
1499
-3758
-3509
-802
3794
4720
-4837
-3535
-2931
3048
-4228
3104
1132
1096
-462
-1548
-4055
-405
-2258
-1810
1514
-2265
1689
4779
4647
-1744
-4508
-706
2066
-4102
2201
285
-3928
-2420
1485
2393
3570
-2961
1988
-2156
-248
1861
-3727
119
-637
-41
-4247
-469
4269
-3737
3075
3461
3128
-828
-3986
4383
-4201
4092
-1329
-3567
-1843
844
2693
2751
-2032
-622
-3429
460
-871
4803
2441
1164
-3076
3369
2567
4151
894
4532
464
-871
-3049
-4942
-3906
-1018
2918
4681
-3048
1499
-3573
-3696
4053
-4897
-3259
-2626
1083
-4599
-183
826
4585
-2853
1371
4577
1789
-4628
-3076
2055
339
3924
-2703
4788
2346
3184
-2084
-4736
740
4549
2761
-2551
-597
2289
3318
2320
1595
-4451
895
3236
-801
910
-4138
-3641
-2373
1627
3004
-451
-140
4633
-4322
-3758
-217
-2206
-353
2107
-163
4437
-1234
1508
1929
-4265
4820
1353
3018
2006
-2996
2113
-1532
845
3455
1972
-907
-2348
891
2893
-873
-1649
-2609
-1654
-463
-4921
1110
-192
1274
-1834
-4915
-2308
779
-84
147
-652
-113
-1042
1804
-1188
-1733
318
1777
4165
-1660
2373
1544
47
-2991
-4755
1436
1231
430
908
-4519
-2612
-4215
-3126
-1258
3140
-819
-3821
2127
-4485
-119
4600
-2899
3235
-4531
2160
-2155
2279
-656
3548
506
-4623
1616
-2711
4671
-692
-2041
3550
2573
-3133
-3290
2388
749
2376
-2031
2214
3139
2977
-2426
3774
3288
-1091
3100
-4337
2962
3973
-3500
-2383
1138
-707
1294
4966
-2855
-4903
-4245
2523
-1912
332
-102
-4149
-3949
-2340
4690
4093
-4128
-3038
4459
-4066
4994
-259
681
-2087
1053
2502
-1114
-765
4405
1950
2410
4819
-3608
3875
2217
-3426
4052
-430
-4262
4561
534
294
2976
-3577
-4912
2798
-441
-1829
2822
-4035
3372
4887
2294
-37
1449
-3350
1969
2393
-2692
2345
4090
1874
-1997
-2740
-4614
4316
-1258
1529
-434
-4082
2720
-738
4670
3612
3915
3239
-4214
397
1944
4000
3747
-3282
-3592
741
4435
-3665
4874
53
-3078
1674
4145
-4508
-2698
-363
913
-4241
-3602
-2819
-4361
4539
-3125
-1694
-4462
-4426
1763
-3966
-1823
-2241
4388
-1731
-3095
2978
-3654
-456
1523
-1157
3933
4621
-447
-1364
4938
1487
-661
-3126
-2069
-4037
-709
4753
-2858
-3110
4240
-3465
4095
931
-4061
-1394
3659
701
1716
4323
1154
4146
1919
-2828
4368
4479
2481
-3137
2152
1833
-719
1813
469
-4471
1229
4413
-4241
-4856
-4270
532
-3290
-1195
-4185
1795
-2610
611
-1577
-3543
-3704
4928
649
-3241
4552
-3632
-1234
-918
-920
-3815
758
435
3449
-3322
4767
-493
-4032
4703
1499
-4206
2133
3136
2380
3390
-4508
-3163
-4369
1217
717
551
1107
3579
2270
-2912
4980
-2706
-517
-3141
2648
-1207
-2249
-1129
677
3996
-1262
-4950
-19
-3510
-177
-3854
1448
-867
3297
-201
4189
2659
1377
-1684
-724
-3835
-3153
996
4842
-87
3186
-255
-2471
-147
4749
791
-4909
-1292
-1615
2944
-3916
-4082
313
-4232
2274
-241
-2298
-3127
4378
2465
4951
3457
4135
-4475
2068
1630
-463
-3291
-4041
3068
-2176
4661
-3544
-2650
3276
-568
2804
3128
4195
-4321
3353
-4699
4709
-3876
-4863
-4860
-304
4293
1144
37
2947
-1532
683
-4302
-559
-2886
143
-3583
-1628
4067
923
197
4938
309
-3516
-2509
1201
-621
-1133
3747
-517
-1169
2116
-4051
-4978
4363
1150
-1870
3163
-3808
-438
2157
760
-2008
1762
1326
2332
565
-4009
-1610
3079
-3483
142
4610
-2004
461
2057
4942
-4405
2994
-642
-694
-1297
3014
2710
970
4417
2720
3940
3751
-2409
-2972
3007
2963
-3
594
4318
4089
-786
-4325
-1088
-1373
-673
4909
-3851
598
-232
-3025
12
-2632
4464
-3320
3481
3826
2868
-2981
2322
4512
-1053
-2980
71
4357
569
166
-4228
-4741
1254
-587
2485
3784
-3845
-3282
-1091
-3460
-4320
-1873
3650
-4569
-140
4577
-3136
-2505
-3550
-2582
1416
4127
2301
4703
-3235
-972
1688
-2922
1596
4577
-1755
-1831
-1131
-4342
3207
-1545
1754
-2627
4533
-3180
-2525
1764
2270
2625
-325
2567
-2924
4758
362
-4833
4855
-3748
-2576
-3322
-2721
-57
1611
1689
1700
-655
-4539
623
-4083
-1342
-306
-1981
3540
570
-3727
-275
-1453
1761
949
688
-4563
4597
-4126
3468
1867
-1085
-50
3027
3825
2578
2260
-2455
1565
2744
4111
3652
4459
2992
2344
2755
568
-4285
-3078
4123
-1247
-2973
-4450
125
166
4663
40
2963
2993
-928
-4371
-3831
-2963
4555
-144
3992
-2011
-4737
3335
3757
-4997
-4490
4078
-1671
1809
-3352
1192
-3631
2423
-2014
1774
-250
769
3062
1574
159
-524
2012
-656
-302
-2786
-3898
1551
-254
-2417
3314
-3501
4225
-1144
2808
415
2231
-3698
4003
4604
4139
-2838
317
3193
2590
2240
1378
1677
-121
-4998
2438
-3029
216
-1999
3379
3841
3520
-3432
219
3197
4730
-1084
284
-2293
-461
2764
3985
-4464
-3415
-2295
-3163
796
-3602
-727
-2046
640
-3460
1271
4808
-3348
-1645
-65
4345
-1821
3709
112
-4128
3502
-4142
-3758
4290
-1175
1047
-4959
3390
-1986
-1630
-3450
4686
3868
-360
4192
-3185
1187
-904
-1564
-3828
-321
-2992
-3186
3382
2815
2077
2627
113
-223
-1984
2021
-3800
-3108
-4853
3634
2177
4665
-3380
-3127
-2406
-1538
-3712
1113
1730
4216
2857
-712
-139
-4731
2154
-4035
-4640
-2036
-801
-3060
-94
-711
-1159
4795
-2189
2761
-4953
613
30
4510
368
-2774
-4342
4575
-1091
-1120
2935
1680
-2908
3643
1939
-4823
4286
4453
-4068
-1835
1418
570
1519
1721
-1125
786
-3344
-4929
524
3051
-1581
2223
-3372
2563
-1978
-3335
1045
-3217
3809
3569
-2066
3851
-986
1335
3664
-3201
4515
-3918
4285
490
-3561
-2904
3052
-1171
1472
3948
3242
-3850
66
-3403
858
2424
-940
-89
1405
-3869
-2475
4737
4333
-2122
3132
3490
-4941
-3891
-1011
3336
2584
-3448
-1305
2103
-2023
-3813
-3510
-3390
-4749
-2725
-1354
2152
-4082
2652
2862
-2978
438
1332
-1365
-3802
-4379
4058
1630
2377
-3188
-2271
941
-2730
3264
1915
-2817
-473
1345
-3012
-2590
-580
885
2620
4585
198
-908
4808
-3996
3570
4188
4070
39
1743
3493
-2045
509
-4962
-945
-3572
4021
-2602
-1225
3493
2218
4273
-1415
-3576
3360
4071
3775
-1651
-2838
901
2263
2930
4297
-135
-3566
4952
-1377
3452
217
-3733
-3118
1852
-821
-2757
427
-715
4849
-4421
4830
-1812
-3134
-3546
2548
568
-1550
-4743
884
-1315
-2747
3808
-4207
-730
-2062
3985
1645
1006
-3854
-3313
4219
956
3720
-4916
-3759
1257
-774
2015
4076
-3714
-115
-3603
-3250
686
160
2311
754
-4994
-1393
-1152
2224
-387
4359
-518
-1892
1476
4505
-2708
-135
2667
1160
-2303
2507
-2844
1308
4431
-2150
-152
-823
-829
3634
1133
1897
-4058
4040
-2687
-4586
-4386
-4969
2806
-3180
-3996
-713
1690
3739
461
3167
2561
-1550
3559
-3646
3921
1830
-3678
-3835
3370
-2709
3528
4192
-4256
-390
1882
2083
1959
648
4809
2608
921
-4121
-1730
-4058
4950
-4843
3878
4878
-3143
-3790
4686
-3282
-1149
-1504
-3497
-3126
-3417
-4333
4981
-325
-2047
-2505
-390
3816
2755
961
-4870
-4431
4638
-2274
1482
4058
-2951
103
4218
2932
3313
4582
4460
4263
3406
-2606
-2703
-4820
-2195
1943
-641
-4408
4975
-287
-2288
-2110
-2947
-1802
3577
389
2342
4691
3445
-3648
-2088
-529
-642
4331
-4202
-4756
888
-427
1612
4491
-758
696
2380
-3473
-823
4894
2851
-4006
-4765
-211
-802
1188
-4347
-3747
-621
4427
-3494
-3637
4445
-1964
1184
-2666
-2217
398
2984
-1930
1060
-4233
-614
1388
3033
1721
387
2805
120
-1988
-1188
3736
-2534
-3153
4760
3807
-2649
4305
3817
-1150
-1563
666
-1840
-3026
1851
-2185
-4049
-11
4097
-3071
-3715
1359
310
-4145
-155
-2177
-4690
3682
-4373
1472
-1914
-4226
-2611
-3762
-3068
4585
4737
-319
-512
876
-2431
3523
-3911
-2714
1903
-2909
-1963
4304
3479
-4350
1113
-149
1632
-4405
-127
-1051
2670
1376
-4563
971
-4937
-4241
585
1977
-2913
1075
-521
3948
1395
2407
1338
-3848
-3953
-2347
-4542
-1563
-3924
-2675
-2401
-2316
-2326
-751
-813
4384
1845
-2163
3577
64
4935
-876
-996
-3191
2506
-3451
598
-2401
984
2876
-3146
-1668
177
-923
2476
2106
4232
4524
3268
4842
10
1360
1100
-41
-4356
1942
3284
-1964
-3183
-1223
4049
3474
933
1279
926
-4050
3448
-2522
-16
-4249
-3990
-2530
2388
1421
1887
1008
-1976
3237
-752
-468
-1165
633
-1730
3361
-4783
3228
1539
2548
-2002
1467
3751
-1997
2942
3167
-372
-2332
-1785
-3217
4742
1575
1437
4003
3066
1322
4984
-2541
3490
-4981
4675
637
2603
-3960
2483
-186
475
-3406
3650
-216
-3694
-4016
-585
3625
-4196
-416
-3500
4092
847
312
-3268
193
-40
2731
-1666
3927
1948
-1929
-4957
98
-18
-3109
256
-3992
-3332
1077
-3032
277
-2410
4841
4274
4782
-4675
1454
3474
-1998
-1069
2371
4518
-2899
3796
-4193
-849
-4746
-704
-74
1882
3432
-3867
-1577
2682
-2818
2549
322
4084
-2553
3449
679
-4377
4746
3666
-3094
-3882
3571
-745
-1422
-1533
-1430
2416
497
-1575
-1659
-4754
4621
2326
3460
-380
-4531
3443
-1942
3446
-272
-4686
-485
3341
-2874
-1965
-4799
-1467
-2222
803
2921
-3117
3911
-127
-1110
2757
-3072
-2306
-3979
1384
4940
-2783
-4952
48
4790
-4140
-1987
-2696
-3070
2270
-1280
3638
2692
4542
-787
-4294
1162
-4304
4711
1795
-2022
-129
550
1454
3222
-1768
840
-4516
4315
-233
-904
-3362
826
-4783
4843
3088
2525
-4387
-1993
-3393
3915
3023
174
1960
471
-3791
3928
-33
-1085
-4112
-2256
2472
3282
-3919
3349
2470
2570
-3889
1312
1886
3080
4739
805
-937
4846
-3122
-334
-3616
3576
-4411
372
-2803
1356
-2263
-1239
4240
1135
-1999
-2175
-736
164
4263
1758
3689
1007
3469
-3094
-4736
-2968
3402
247
4240
-277
2212
-4031
-282
1116
4219
512
-4251
-3911
-1600
4010
1815
1159
-1471
1685
-4863
-4546
2770
-630
2818
-2815
4680
2757
-1480
-3947
3685
-3975
-4177
-13
2204
944
-1994
-4760
1760
-1632
1663
-1895
-4099
-1430
1651
-2252
2354
747
-3280
3218
2042
2869
-1167
2409
1302
4120
-744
-4194
-1208
1930
-2470
2951
1567
870
3143
-2257
234
-1040
532
-3086
-4678
3670
183
-4248
696
-1085
-3890
4543
-176
4013
4045
-2528
1801
3182
1138
2852
-4590
-4865
3591
4048
1627
3872
-525
2219
-67
-27
-4787
848
-3177
-1701
3854
3647
2726
4680
273
3789
-928
1679
3674
-4436
-4115
-2141
577
3446
-4862
627
1210
4531
-1429
3924
-2910
2746
-4619
1308
-41
4595
4757
-86
4228
1899
-312
-700
-3752
-2799
264
600
-2062
-3523
4584
-3404
-2389
-3264
-3651
-3471
336
23
4376
2457
-3429
-2967
532
4425
2685
3632
3928
1522
-4982
4996
1578
106
1920
850
4289
3007
-2939
-4772
-2331
379
-3955
-1461
-395
-4173
-4411
2335
-2044
-3862
-2897
807
-2943
-173
-4966
1739
417
228
-3203
3990
-2821
-4491
-992
-926
-4192
599
342
-1284
309
-4655
-645
2918
-2673
4662
-602
-4117
2874
3139
572
3677
-4746
-396
-79
666
-402
-2922
4395
2637
-3498
-2345
-603
3361
-208
4378
-3396
-4288
1579
-538
4650
-3126
-2918
4126
-1476
-1823
-1748
1819
2610
913
3148
-1610
-4205
2893
4103
162
1259
-1195
1766
-4555
3618
-4205
-1865
1959
4265
3988
-132
-2476
-76
-1516
2720
2492
4991
-1582
-2927
-1303
-4914
-781
-417
1648
-4699
3698
-865
-4208
-576
3749
-4484
1656
-2800
186
-837
-1307
-909
-3135
-2967
1273
4654
1555
1059
4407
3402
-3184
-3263
-4117
-1495
4295
4673
1351
-1021
1902
1548
-4153
-719
-511
4711
-1690
2469
4967
1655
122
3124
-4624
2881
346
1426
-2630
4366
4607
1848
2499
-72
3640
-1613
-2247
1876
1368
-4980
-4995
-612
1499
1552
-2282
423
2646
4828
-1550
-4169
411
4503
-3049
-1474
-3140
-596
-3032
1646
4727
978
787
3580
1135
-3446
2295
-3952
-805
3604
3907
3532
664
4749
-4663
3398
4314
1897
2481
4724
1727
-2006
-2726
2723
1556
2635
2651
-3900
785
955
1608
3940
4192
2969
3760
3590
2700
-2472
-4957
-4545
2163
4511
241
4685
493
-4096
3710
2709
1191
3570
3761
-1896
-3048
-1106
-1717
-1631
-3035
-2541
1125
4445
-4897
3158
1299
2632
2746
3209
-2891
4064
-2391
4102
2139
2248
-2123
-3351
-1320
2987
4349
2552
-4496
-2885
-729
-4465
-3669
645
2212
4684
3387
-1389
-4271
4852
3370
-3650
-3095
-2144
1373
-2307
569
2488
3861
-1746
364
1353
2244
848
4804
-3066
-4676
3499
2810
-4775
1939
1069
-2755
100
947
-4895
4950
4329
4446
4782
-4052
1218
-4690
281
-4445
4909
-2374
-1288
4800
616
597
-4667
-1929
-2715
-4127
2746
-1067
2714
-863
1983
1674
-3896
-836
-2994
2110
-3291
-755
-209
116
-1000
-2458
917
-4420
1873
-4123
-1660
-462
4770
111
-851
-525
78
-1351
2039
-1664
-3571
214
3100
-4660
-1351
3115
77
4047
-1976
318
-429
-3203
-4570
220
-1853
961
3454
-663
3357
-1582
1812
1314
1586
3848
-4334
687
4031
-3689
3934
-3275
-1702
3834
1685
2344
4392
-4756
-1354
701
4536
4719
4413
4157
-4992
-1377
1018
4581
1330
-4320
205
-4693
-3302
-1500
3393
3627
4951
1386
-78
-3713
2099
864
-2212
4333
2273
1881
4466
2666
2770
-4343
-3433
3740
-3148
-1379
-2484
1933
-1256
3207
-745
2572
4782
775
4684
-2642
-449
1526
-2661
3490
-3993
-1588
1365
529
-4019
2369
-1284
276
2096
-2832
-3273
-3376
-4897
-3592
1982
140
-4251
-1268
2136
147
1792
-1606
-609
-1275
4157
2265
-2227
-2888
-3471
1867
-3115
12
2246
-462
3632
107
-2368
-4689
-670
3711
4203
3141
-2344
-530
-1421
-2948
2817
4017
1935
-30
1318
-1278
-197
3516
3335
-1805
-175
-1910
-3372
3836
4628
-3272
-156
-3284
-2248
-512
2262
-1423
49
4669
-2270
-4190
230
-2645
-3286
3897
-1550
4682
3170
-674
2215
-4782
1193
-2241
-1633
544
2835
156
-1152
126
3701
878
-3221
-592
285
-2792
-3374
1691
-4069
4101
-3869
192
-113
-1551
2406
2774
-1248
3300
3727
-1898
4246
313
-4273
48
2230
2540
-114
4234
4343
-1822
-819
-727
-427
-4189
-4789
2552
3410
2466
-682
2693
3236
2717
-3604
4219
3455
1743
1965
4938
-3697
-4669
-4514
-2637
-351
4628
-2211
4175
2479
-1249
-4116
1328
4455
-566
3228
159
-3304
14
4680
-2333
2888
-3121
-630
3411
-444
-1748
318
2307
-4236
1314
1473
475
3002
-2693
-4043
3318
136
-4844
-492
-2987
1691
1612
-1810
2515
455
-3577
-1902
-1084
-352
1027
4693
2870
-4973
-4094
-3167
794
-3233
3302
-1715
-2596
3251
-4660
2997
4189
-3931
-1618
2918
-990
3548
732
-3240
3605
-693
-3963
2712
-4775
491
-1665
3441
2332
3604
-3898
-4873
-2155
-137
-1039
-2624
780
2090
3216
-4578
3993
-1279
4866
2893
-2508
869
-3709
3942
-3637
2580
4754
4942
1955
-1258
2480
-2370
-1770
615
4116
4111
-2629
245
-404
-2687
4195
3688
3790
-2743
4510
1544
1949
1429
1326
3680
-1385
557
948
4398
-4693
-1352
247
2995
2680
-440
4387
941
-672
-2173
1661
-3954
2475
-1361
-2395
-935
-2216
-3367
-4156
-3271
-3922
3985
293
-4626
-4479
-2298
2976
-3371
4577
-678
-1023
-3614
-4740
-2719
1479
621
2835
-2932
4761
1654
985
-4500
1555
-4346
-1128
-171
-2818
1652
-1538
-1311
-2467
-4208
-3915
-4451
3411
1727
-2527
596
883
-3452
-4846
3078
-3089
279
2585
821
4514
-2011
-3898
-4948
-1095
4212
-2080
653
3451
-2047
-3138
1989
-3702
-3112
-4733
-51
530
-3361
-3145
-1968
-194
-1472
-1041
2788
4906
-3199
3807
583
-4382
2641
662
-1641
2169
561
4455
-4370
2663
-3044
-3960
-3991
3226
-619
-2621
-541
4205
2540
-4166
4418
4806
524
-3369
-3602
-4168
-3564
2865
777
-2311
-4000
539
-992
1182
4323
4903
4253
-4957
-2813
136
-1931
-2249
2529
-1019
-75
1571
-2268
-2359
-2812
75
-239
1975
-508
4653
-615
-3382
955
-2569
943
3371
-4919
-1323
-4236
2524
3413
3224
-4527
-175
-4888
-2846
-4432
-1858
-3627
4285
1000
-3925
-2636
-4293
-2125
-923
-1046
-4952
4941
990
-2153
764
-4677
1060
-3141
-291
-3626
2239
1973
-1022
4499
996
3706
3554
-1216
-889
2239
730
2893
-3219
2579
3821
-4332
1343
763
4614
-3722
283
-4117
1193
2452
4404
4734
4935
-3145
-4631
-2333
4304
-3684
-3901
2516
-3805
4415
2216
-1661
-175
3619
3069
2820
4528
-1236
3289
417
-2693
4457
-2652
-1170
-137
1457
-194
-2934
832
-1495
-1220
2382
2049
383
4813
-91
-2029
3254
-4150
2184
4701
-3666
-708
85
-2119
1343
-3624
-2485
343
-4926
-715
-1659
-3749
2364
-3569
1712
4434
-1352
-4957
-1285
2658
4160
-4278
618
-2481
4808
-4285
2791
-2807
-4425
4361
486
2227
-3086
3604
-2397
-1969
2343
2267
-1302
2244
2755
-473
1970
-3902
-4288
2210
-2249
-4756
399
830
-4574
-2604
125
-4157
-808
4580
405
992
-2036
-4216
1891
4403
-3279
-1750
2720
-2093
-2672
21
3311
1610
-4109
1163
4530
497
-4100
3634
3818
-1533
1876
-3511
569
2387
-28
-696
-922
-4438
-4631
-2827
4620
-1928
3352
1203
2735
-3236
3838
-3067
-3284
-1906
1154
4769
1756
-1574
106
-3201
-859
-3113
-3177
-4208
2589
2885
3966
-4244
-4932
-2042
-333
4531
-1988
1395
-4060
-4619
-832
-2497
4607
-1410
-2194
-1400
-623
-967
4298
3113
652
-3451
4289
-2547
1733
3125
-321
-449
1415
-224
-1891
877
-2105
4601
-4950
1210
-2251
-2934
565
850
27
-1783
-1228
4072
-1403
4205
3301
1964
3566
-2455
2702
-2808
-893
-2650
-3134
185
3669
3776
-4717
3355
-2703
-1897
-3249
-3027
1364
5
-2071
4276
4029
3423
-380
1628
-4637
853
-1490
-3272
-1825
-589
1143
4330
-1848
1370
-3700
911
905
873
-3212
-1774
721
4820
3303
-3488
1591
4151
-954
-4517
2904
3124
-2933
1496
-2273
1288
4350
-4332
3487
